#43 187 90 271 404 268 399 275 409 " "

#179 17 177 406 416 389 413 423 419 " "

#183 191 184 396 439 389 437 403 442 " "

#92 218 85 406 445 390 443 423 448 " "

43 73 169 206 184 201 174 213 195 "B"
202 81 49 220 184 216 174 226 195 "E"

46 236 128 205 222 200 212 212 233 "B"
57 26 69 219 222 215 212 225 233 "E"

190 170 53 205 260 200 251 212 271 "B"
206 101 28 218 260 214 251 224 271 "E"

45 210 19 340 186 335 176 347 196 "K"
38 183 132 352 186 350 176 354 196 "I"
120 162 182 362 185 357 176 369 196 "N"
209 2 216 376 186 371 176 383 197 "D"

19 175 238 316 224 310 213 323 235 "C"
89 186 33 331 225 325 214 337 234 "A"
162 75 221 345 223 340 214 351 234 "R"
168 153 106 358 224 354 214 364 235 "E"
198 222 41 371 223 367 215 377 235 "F"
101 42 166 385 225 380 215 392 236 "U"
71 244 207 397 227 394 215 404 236 "L"

224 192 18 308 260 305 252 315 273 "Y"
98 199 110 322 262 317 252 329 273 "O"
132 61 79 336 262 331 253 343 273 "U"
168 160 238 350 262 345 253 357 273 "R"
34 12 105 364 263 359 253 370 274 "S"
127 36 208 377 263 373 253 383 274 "E"
40 63 24 388 265 385 253 395 274 "L"
203 169 192 401 261 397 253 408 274 "F"

87 189 119 160 354 149 337 174 372 "K"
201 211 179 197 356 180 338 215 373 "A"
78 10 23 230 355 218 338 243 373 "N"
16 134 15 258 354 251 338 272 373 "E"

100 228 189 314 363 310 350 319 374 "i"
139 51 184 322 366 316 358 327 374 "s"

195 217 154 344 366 336 358 352 375 "a"
6 142 64 362 361 353 347 370 375 "b"
116 55 97 378 359 370 345 388 375 "l"
32 131 50 387 366 381 358 393 376 "e"
131 175 12 403 361 395 350 411 375 "!"

108 220 148 314 402 311 396 318 410 "S"
14 195 161 322 403 319 396 327 410 "C"
157 90 181 332 402 329 397 336 410 "R"
100 156 46 340 404 337 397 344 410 "A"
39 152 135 349 403 346 397 353 410 "N"
238 72 168 358 402 355 397 362 410 "T"
72 51 152 366 403 362 397 370 410 "O"
110 189 72 375 403 372 397 380 410 "N"
194 241 222 382 410 382 408 383 414 ","

199 181 73 392 403 390 398 396 411 "P"
62 188 128 400 405 396 398 404 411 "A"

128 109 175 151 426 146 420 157 437 "7"
96 234 19 164 428 159 420 166 437 "1"
149 89 62 175 428 169 420 182 437 "9"
233 69 87 190 428 184 420 198 437 "0"

162 35 253 152 402 148 398 157 407 "w"
92 49 68 163 402 159 398 168 407 "w"
218 24 179 174 402 170 398 179 407 "w"
225 9 48 179 406 179 406 180 407 "."
117 52 97 184 401 182 395 188 408 "k"
154 80 119 192 403 189 398 195 408 "a"
99 74 237 199 402 197 398 202 408 "n"
73 61 251 207 402 204 398 210 408 "e"
249 84 225 212 402 212 395 213 408 "i"
78 44 2 217 403 215 399 220 408 "s"
151 10 182 224 403 222 399 227 408 "a"
159 121 194 231 402 229 396 235 408 "b"
112 124 121 237 402 237 396 238 408 "l"
63 128 140 242 403 240 399 246 408 "e"
71 77 224 247 407 247 406 248 408 "."
116 95 10 252 404 250 399 256 409 "c"
67 154 42 260 403 257 399 263 409 "o"
